1 0.5475475475475475 0.9316816816816816 0.1501501501501501 0.11261261261261268
1 0.7097097097097097 0.9512012012012012 0.15815815815815817 0.08258258258258251
1 0.5605605605605605 0.8025525525525525 0.10410410410410406 0.08558558558558559
0 0.6236236236236237 0.8183183183183184 0.09809809809809814 0.1261261261261261
0 0.2082082082082082 0.4534534534534535 0.12012012012012015 0.08108108108108106
0 0.4034034034034034 0.225975975975976 0.042042042042042024 0.04654654654654653
0 0.4394394394394394 0.256006006006006 0.05805805805805804 0.07357357357357358
0 0.4914914914914915 0.24174174174174176 0.09009009009009013 0.051051051051051066
0 0.5735735735735736 0.23648648648648646 0.058058058058057964 0.05555555555555554
0 0.7217217217217217 0.3048048048048048 0.054054054054054036 0.06306306306306307
0 0.7927927927927928 0.4662162162162163 0.08408408408408405 0.0825825825825826
0 0.7797797797797799 0.5803303303303303 0.09409409409409406 0.061561561561561576
1 0.6796796796796797 0.6298798798798799 0.09009009009009013 0.1066066066066066
1 0.6276276276276276 0.5442942942942942 0.13013013013013022 0.0585585585585585
1 0.6626626626626626 0.4692192192192192 0.06006006006006018 0.0525525525525525
0 0.7577577577577577 0.4106606606606607 0.05805805805805804 0.046546546546546566
0 0.6066066066066066 0.3258258258258258 0.06806806806806819 0.07807807807807808
0 0.6686686686686687 0.3250750750750751 0.06006006006006004 0.07057057057057058
1 0.47847847847847846 0.35285285285285284 0.08808808808808806 0.054054054054054036
0 0.6056056056056055 0.3836336336336336 0.09409409409409406 0.04354354354354356
0 0.5365365365365364 0.37087087087087084 0.09209209209209206 0.07807807807807805
1 0.5745745745745745 0.44369369369369366 0.09209209209209213 0.0555555555555555
0 0.5715715715715716 0.47597597597597596 0.102102102102102 0.07207207207207197
0 0.5815815815815816 0.5975975975975976 0.08208208208208198 0.09609609609609607
1 0.5295295295295296 0.6276276276276276 0.07407407407407413 0.04804804804804796
1 0.4214214214214214 0.6238738738738739 0.11811811811811808 0.0555555555555555
0 0.4364364364364364 0.4729729729729729 0.12012012012012015 0.08108108108108106
0 0.33433433433433435 0.47072072072072074 0.09609609609609614 0.06456456456456465
0 0.35935935935935936 0.7004504504504504 0.16216216216216214 0.12162162162162161
0 0.48248248248248243 0.6989489489489489 0.09609609609609614 0.07357357357357358
0 0.5705705705705706 0.7034534534534536 0.08008008008008005 0.07357357357357372
