1 0.10338616124399216 0.5373641214320394 0.10120961048096076 0.052237218312753984
1 0.13739476691635802 0.458282777041898 0.09195926973807725 0.11172960583561256
0 0.1882716410022173 0.5018137923025262 0.0598551459833639 0.0885130643632774
1 0.22608921050988812 0.48222483543524364 0.05604618214805886 0.0986703012574241
0 0.2867605630293888 0.4756951831461492 0.04788411678669121 0.07690479362710995
0 0.2957388349268934 0.4114869356367226 0.08325306668595164 0.07763031054812046
0 0.3145115852580394 0.35163178965335873 0.07944410285064667 0.11027857199359176
0 0.31423951641266046 0.30737525747172 0.058222732911090314 0.06674755673296336
1 0.375455006622919 0.38101522495428275 0.05550204445730109 0.06602203981195288
1 0.3501526040026788 0.4379683032536048 0.03210412375471336 0.050786184470732965
0 0.3547777743741205 0.4851269031192855 0.07509100132458371 0.06384548904892164
1 0.3430788140228267 0.5446192906421441 0.09195926973807729 0.06384548904892157
1 0.4100077499860427 0.5188634399462724 0.0582227329110902 0.12551442733481147
0 0.34688777785813163 0.6255144273348117 0.07998824054140447 0.11100408891460212
0 0.5139380489207926 0.3759366065072095 0.08542961744898299 0.07327720902205762
1 0.5408728646133063 0.2903256098279739 0.07073789979852094 0.06892410749599477
1 0.6782676315296644 0.4067710756501545 0.048428254477449 0.06964962441700522
1 0.47666461710387964 0.4822248354352435 0.06420824750942672 0.07690479362710988
1 0.5248208027359498 0.4923820723293902 0.035368949899260545 0.10592547046752877
1 0.4856428890013842 0.5584041121413431 0.051693080621996186 0.0638454890489215
0 0.460612555226523 0.647642693425631 0.06910548672624735 0.09286616588934038
0 0.5269973534989812 0.649093727267652 0.05604618214805889 0.06674755673296325
0 0.6820765953649693 0.6360344226894635 0.09087099435656136 0.09431719973136132
0 0.6078018005765223 0.5079806861311152 0.08815030590277231 0.06747307365397383
0 0.6227655870723635 0.4532041585948247 0.08760616821201445 0.07690479362711003
0 0.6924152114893686 0.5315599860639556 0.07781168977837297 0.09286616588934038
0 0.6554138485178345 0.5732772090220578 0.07454686363382584 0.08198341207418323
0 0.5859112173332734 0.18258634705791896 0.07073789979852094 0.07110065825902617
0 0.9058641794988912 0.31499318514233 0.08597375513974086 0.07327720902205759
0 0.8247876635759712 0.36723040345508395 0.08162065361367794 0.06602203981195295
0 0.869679023063494 0.49891172461848443 0.09304754511959303 0.08851306436327754
0 0.8617890265475051 0.4053200418081336 0.07509100132458385 0.08561099667923557
