0 0.7837837837837839 0.7875375375375375 0.1781781781781781 0.07657657657657665
0 0.47747747747747754 0.7124624624624625 0.13413413413413416 0.11861861861861868
0 0.9059059059059059 0.43168168168168164 0.0860860860860862 0.07957957957957959
0 0.7467467467467468 0.38288288288288286 0.10410410410410406 0.08108108108108106
0 0.6186186186186187 0.3678678678678679 0.1001001001001002 0.07807807807807798
1 0.5965965965965966 0.5165165165165164 0.0960960960960962 0.0480480480480481
0 0.43943943943943947 0.524024024024024 0.09409409409409414 0.08408408408408405
0 0.3133133133133133 0.5097597597597597 0.11811811811811815 0.0675675675675675
0 0.3583583583583584 0.4752252252252252 0.0960960960960961 0.07957957957957959
0 0.4534534534534535 0.43693693693693697 0.06606606606606612 0.07507507507507512
0 0.5325325325325325 0.4609609609609609 0.07607607607607605 0.07807807807807812
0 0.31031031031031037 0.3753753753753754 0.06006006006006007 0.05705705705705711
0 0.30830830830830824 0.3228228228228228 0.08008008008008001 0.06606606606606605
1 0.4014014014014014 0.35285285285285284 0.07007007007007005 0.04804804804804796
0 0.48248248248248243 0.37237237237237236 0.07207207207207204 0.03303303303303309
0 0.4954954954954955 0.33483483483483484 0.08608608608608606 0.0480480480480481
0 0.3403403403403404 0.25 0.06806806806806812 0.07357357357357355
0 0.41541541541541543 0.25075075075075076 0.06606606606606605 0.06006006006006007
0 0.46546546546546547 0.27027027027027034 0.06606606606606605 0.06306306306306307
1 0.5265265265265264 0.2545045045045045 0.04404404404404403 0.016516516516516547
1 0.6136136136136137 0.2695195195195195 0.06606606606606596 0.052552552552552534
0 0.6346346346346345 0.21771771771771775 0.10410410410410406 0.051051051051051066
0 0.7037037037037038 0.21921921921921922 0.08208208208208205 0.06906906906906908
0 0.4984984984984985 0.2072072072072072 0.08408408408408413 0.057057057057057034
0 0.5665665665665665 0.20270270270270271 0.0480480480480481 0.06306306306306304
1 0.5225225225225225 0.13438438438438438 0.10010010010010006 0.04954954954954955
1 0.4344344344344344 0.10585585585585586 0.08408408408408405 0.04954954954954953
0 0.48448448448448445 0.16966966966966965 0.10410410410410414 0.06006006006006007
0 0.6016016016016016 0.7057057057057057 0.10610610610610621 0.09909909909909899
0 0.6716716716716717 0.6681681681681682 0.1461461461461461 0.09309309309309313
