0 0.2735225505443235 0.4129082426127528 0.1854587869362364 0.24727838258164844
0 0.42282270606531897 0.17418351477449456 0.3347589424572318 0.24883359253499227
1 0.4473172628304822 0.33203732503888017 0.15046656298600303 0.43701399688958004
0 0.6928460342146191 0.2130637636080871 0.1866251944012442 0.2830482115085537
1 0.901632970451011 0.24961119751166408 0.16562986003110425 0.18195956454121304
0 0.8030715396578539 0.4136858475894246 0.1621306376360809 0.27993779160186627
0 0.9144634525660965 0.3600311041990669 0.11430793157076195 0.31881804043545886
0 0.6076982892690513 0.43468118195956457 0.1329704510108865 0.24105754276827374
0 0.6689346811819595 0.6726283048211509 0.14813374805598747 0.1819595645412131
1 0.3878304821150856 0.8009331259720063 0.1341368584758942 0.34525660964230165
0 0.310264367894103 0.8678071539657853 0.14930011992506442 0.26438569206842927
0 0.5377138413685849 0.7169517884914464 0.20762052877138423 0.42301710730948683
1 0.7225894245723175 0.9300155520995333 0.11080870917573876 0.12441679626749619
0 0.9245723172628305 0.9121306376360809 0.15085536547433903 0.1757387247278382
0 0.833398133748056 0.9191290824261276 0.08514774494556761 0.1430793157076205
0 0.562791601866252 0.9673405909797822 0.1994556765163297 0.0653188180404355
