1 0.8345645332060537 0.2962674961119753 0.14346811645349852 0.10108864696734052
1 0.7220062208398135 0.1430793157076205 0.11897356143079321 0.20528771384136857
0 0.8514774494556767 0.38335925349922234 0.15863141524105756 0.19751166407465
0 0.7220062208398136 0.3538102643856921 0.13763608087091753 0.1446345256609642
0 0.4187402621398262 0.06998444790046657 0.13763604527498663 0.13996889580093314
1 0.5272161730218761 0.10964230171073094 0.16796267496111972 0.15085536547433903
1 0.5732892512533564 0.06998444790046657 0.14813378365191845 0.13996889580093314
0 0.6006998444790047 0.23094867807153968 0.07465007776049766 0.1944012441679627
1 0.3219284603421462 0.401244167962675 0.10964230171073101 0.1710730948678071
0 0.2968506998444791 0.3872472783825816 0.10381026438569212 0.2923794712286159
1 0.39424572317262835 0.2776049766718507 0.0653188180404355 0.12908242612752718
0 0.5797045101088647 0.41213063763608093 0.10031104199066875 0.13063763608087092
0 0.5033048211508554 0.2527216174183515 0.12947122861586316 0.12286158631415241
0 0.44206842923794715 0.47045101088646973 0.11897356143079321 0.12597200622083982
0 0.4578149300155521 0.35069984447900465 0.14113530326594087 0.08553654743390357
1 0.6840979782270606 0.749611197511664 0.11547433903576994 0.15863141524105742
0 0.5412130637636082 0.854587869362364 0.14696734059097985 0.19751166407465007
1 0.5091368584758942 0.6283048211508554 0.07115085536547433 0.16485225505443238
1 0.45548211508553665 0.708398133748056 0.09914463452566104 0.07931570762052871
0 0.4274883359253499 0.6150855365474339 0.09447900466562992 0.17573872472783833
1 0.34175738724727844 0.6368584758942457 0.1423017107309487 0.22239502332814928
0 0.2875194401244168 0.5357698289269051 0.15279937791601866 0.15396578538102637
0 0.5686236391912909 0.6671850699844479 0.09447900466562985 0.15552099533437008
