0 0.19119119119119118 0.7950450450450451 0.1301301301301301 0.07657657657657665
1 0.3383383383383384 0.7432432432432432 0.0920920920920921 0.048048048048048034
0 0.5805805805805806 0.7725225225225225 0.05205205205205203 0.049549549549549425
0 0.6466466466466467 0.7507507507507506 0.056056056056056035 0.05705705705705711
0 0.5535535535535536 0.6846846846846847 0.10610610610610607 0.057057057057056965
1 0.33533533533533527 0.6666666666666665 0.07807807807807812 0.0450450450450451
0 0.6436436436436437 0.41666666666666674 0.054054054054054106 0.0555555555555555
0 0.4214214214214214 0.3753753753753754 0.06206206206206204 0.048048048048048034
0 0.5675675675675675 0.3303303303303304 0.042042042042041955 0.03903903903903903
0 0.6306306306306307 0.33933933933933935 0.06006006006006011 0.04804804804804807
0 0.6796796796796795 0.3288288288288288 0.054054054054054036 0.048048048048048034
0 0.6446446446446445 0.2942942942942943 0.06406406406406404 0.042042042042042024
1 0.5725725725725725 0.2747747747747748 0.06806806806806812 0.03903903903903899
1 0.5785785785785785 0.06981981981981983 0.06806806806806798 0.025525525525525533
