0 0.06806806806806807 0.509009009009009 0.0920920920920921 0.06306306306306304
0 0.4574574574574574 0.587087087087087 0.08208208208208205 0.054054054054054036
0 0.44344344344344344 0.5165165165165165 0.054054054054054036 0.03303303303303309
1 0.24624624624624622 0.32132132132132135 0.06006006006006004 0.0450450450450451
1 0.46146146146146144 0.36111111111111116 0.03003003003003002 0.03153153153153149
1 0.5205205205205206 0.45420420420420426 0.06806806806806805 0.040540540540540564
0 0.866866866866867 0.2057057057057057 0.05605605605605618 0.057057057057057034
0 0.8888888888888888 0.11486486486486487 0.03603603603603602 0.037537537537537545
0 0.9179179179179178 0.21771771771771772 0.05005005005005003 0.03603603603603602
0 0.903903903903904 0.17792792792792791 0.04604604604604603 0.03453453453453456
0 0.957957957957958 0.19369369369369369 0.03803803803803788 0.048048048048048034
