1 0.5511275272161743 0.3522550544323484 0.17146189735614314 0.3468118195956454
1 0.5388802488335925 0.5902021772939346 0.1446345256609642 0.27527216174183505
0 0.6724338857790175 0.9027993779160187 0.25544319924077213 0.19440124416796267
0 0.47472782046019946 0.9183514774494558 0.2122861230354843 0.1632970451010887
0 0.11255832037325039 0.8141524105754278 0.22511664074650078 0.2566096423017106
0 0.03557542768273717 0.9077982628141555 0.07115085536547434 0.16885137483825205
1 0.18837480559875583 0.2255054432348367 0.17146189735614306 0.3545878693623639
0 0.08223172628304823 0.22628304821150855 0.13880248833592537 0.35303265940902023
0 0.06590202177293936 0.15552099533437014 0.1318040435458787 0.3110419906687403
1 0.37908242612752724 0.14541213063763606 0.15163297045101085 0.28149300155520995
0 0.5342146189735615 0.1213063763608087 0.15396578538102645 0.1430793157076205
0 0.6257776049766719 0.3740279937791602 0.21811819595645424 0.3810264385692068
0 0.30034992223950235 0.2021772939346812 0.12713841368584763 0.23950233281493
0 0.36800155520995337 0.3818040435458787 0.2134525660964231 0.18506998444790043
0 0.23853032659409024 0.5894245723172628 0.19712286158631417 0.18973561430793154
0 0.4414852255054433 0.5925349922239502 0.20412130637636083 0.3172628304821151
0 0.3540046656298601 0.818040435458787 0.24144634525660968 0.18662519440124414
