0 0.1871871871871872 0.41216216216216217 0.10210210210210208 0.08558558558558559
0 0.2792792792792793 0.41291291291291293 0.07007007007007011 0.08408408408408405
0 0.3603603603603604 0.39714714714714716 0.07607607607607605 0.07957957957957952
0 0.6806806806806808 0.3453453453453453 0.10410410410410406 0.06906906906906904
0 0.5125125125125125 0.0457957957957958 0.12012012012012008 0.06456456456456455
0 0.3943943943943944 0.11036036036036034 0.12012012012012015 0.07357357357357357
0 0.5915915915915916 0.13438438438438438 0.17817817817817827 0.07957957957957955
1 0.4184184184184184 0.23648648648648646 0.08408408408408405 0.05555555555555554
1 0.5765765765765765 0.36111111111111116 0.06806806806806812 0.07957957957957966
0 0.6466466466466467 0.5172672672672672 0.09209209209209213 0.08858858858858859
0 0.44544544544544545 0.6734234234234235 0.10610610610610607 0.0825825825825826
0 0.3033033033033033 0.6749249249249251 0.1781781781781782 0.0825825825825826
1 0.3683683683683684 0.5908408408408409 0.16816816816816818 0.0585585585585585
1 0.3963963963963964 0.9331831831831832 0.12012012012012008 0.10060060060060066
0 0.4544544544544544 0.8348348348348348 0.10010010010010006 0.09909909909909914
1 0.4124124124124124 0.7665165165165166 0.06806806806806805 0.04054054054054049
1 0.5045045045045045 0.9579579579579578 0.1361361361361361 0.06606606606606605
1 0.5355355355355355 0.5315315315315315 0.24224224224224217 0.17717717717717713
0 0.46746746746746753 0.5675675675675675 0.12612612612612614 0.12012012012012008
1 0.46846846846846846 0.3881381381381381 0.10810810810810807 0.0945945945945946
0 0.6746746746746747 0.28153153153153154 0.12012012012012015 0.08558558558558559
0 0.5035035035035035 0.2575075075075075 0.13013013013013008 0.0915915915915916
0 0.5295295295295295 0.1876876876876877 0.11811811811811808 0.09909909909909914
0 0.41041041041041043 0.13963963963963966 0.06806806806806805 0.08108108108108109
0 0.4374374374374374 0.09534534534534535 0.08608608608608606 0.04654654654654656
