0 0.3563563563563564 0.8768768768768769 0.0920920920920921 0.06906906906906926
0 0.31631631631631635 0.7897897897897898 0.06806806806806807 0.05105105105105096
1 0.36936936936936937 0.7072072072072072 0.06606606606606605 0.03603603603603602
1 0.25425425425425424 0.6006006006006006 0.040040040040040026 0.01801801801801801
0 0.6588105761659478 0.18243976508439338 0.042115744595083486 0.025946306938042483
0 0.5663063514303183 0.2518179336361156 0.043619878330622225 0.03609920965292865
0 0.7422899984883453 0.30145434690889256 0.04963641327277685 0.036099209652928614
0 0.5948848924055534 0.3443221583717453 0.05264468074385419 0.051892613876084966
0 0.6054138285543242 0.3138634502270867 0.04963641327277685 0.033843009049620607
0 0.6693395123147187 0.3127353499254328 0.05114054700831559 0.040611610859544706
0 0.6422651050750222 0.3454502586733993 0.06317361689262498 0.03384300904962054
