0 0.22220060428601587 0.1057542768273717 0.28810260826098977 0.2115085536547434
1 0.08748055987558322 0.30715396578538107 0.15163297045101093 0.29082426127527217
0 0.26302488335925356 0.2846034214618973 0.13413685847589424 0.37636080870917576
1 0.40007776049766725 0.3048211508553655 0.20295489891135307 0.41990668740279935
1 0.641524105754277 0.2115085536547434 0.1353032659409021 0.3639191290824261
1 0.7190902021772939 0.713841368584759 0.0968118195956454 0.15241057542768266
0 0.5878693623639191 0.5015552099533437 0.20995334370139965 0.13841368584758945
0 0.864891135303266 0.5342146189735615 0.1621306376360809 0.36547433903576987
1 0.7791601866251945 0.47045101088646973 0.15163297045101076 0.22239502332814928
0 0.7762441679626749 0.33359253499222397 0.24144634525660946 0.16640746500777598
0 0.1038102465877266 0.8810264385692068 0.1819595289452821 0.23794712286158642
0 0.2536936236391913 0.8553654743390358 0.1877916018662519 0.21461897356143084
0 0.42457231726283046 0.6967340590979783 0.19129082426127525 0.2674961119751167
0 0.5458786758256738 0.9828926905132193 0.7021772583387503 0.034214618973561525
0 0.5283825816485226 0.8724727838258165 0.349922239502333 0.11197511664074654
0 0.6036158631415242 0.6959564541213064 0.15279937791601866 0.21617418351477447
0 0.6199455676516331 0.39813374805598756 0.010497667185069942 0.031104199066873974
