1 0.16388024883359253 0.660964230171073 0.19245723172628304 0.22083981337480552
0 0.5400466562986004 0.3608087091757387 0.19828926905132194 0.2954898911353032
1 0.3697511664074651 0.5925349922239502 0.0723172628304821 0.12752721617418358
0 0.45139968895800936 0.6197511664074651 0.32426127527216175 0.3841368584758943
0 0.3627527215344442 0.38180404354587866 0.19129082426127528 0.31259720062208396
1 0.4099922239502334 0.1244167962674961 0.1318040435458787 0.14307931570762056
0 0.4595645234150983 0.027216174183514776 0.1539658209769575 0.05443234836702955
1 0.07406687402799379 0.02410575427682737 0.14813374805598759 0.04821150855365474
0 0.010497649387104518 0.04665629860031104 0.020995298774209036 0.09331259720062209
0 0.062402799377916034 0.4490113265777636 0.12480559875583207 0.23550321303111027
1 0.02857698289269052 0.6403021508390389 0.05715396578538104 0.19995557390512608
0 0.14113530326594093 0.192846034214619 0.18429237947122865 0.26749611197511663
0 0.26419127302629586 0.10419906687402798 0.22744949127244726 0.20839813374805596
0 0.21461897356143084 0.38880248833592534 0.12597200622083984 0.33903576982892697
