0 0.1251251251251251 0.8851351351351352 0.15015015015015015 0.06456456456456465
0 0.24724724724724723 0.7289789789789789 0.12612612612612611 0.04954954954954957
0 0.3603603603603604 0.5277777777777778 0.12412412412412412 0.07357357357357358
0 0.49449449449449445 0.5135135135135135 0.06806806806806805 0.06006006006006004
0 0.7127127127127127 0.5848348348348348 0.052052052052052177 0.031531531531531556
0 0.7817817817817817 0.5855855855855856 0.04604604604604603 0.03603603603603609
0 0.7117117117117118 0.5105105105105106 0.09409409409409406 0.048048048048048034
1 0.5275275275275275 0.46096096096096095 0.11011011011011007 0.03303303303303309
0 0.8958958958958959 0.28378378378378377 0.06206206206206204 0.042042042042042024
0 0.7007007007007008 0.21771771771771772 0.09209209209209206 0.048048048048048034
0 0.8528528528528528 0.18843843843843844 0.04404404404404417 0.037537537537537524
0 0.9129129129129129 0.21021021021021022 0.048048048048048034 0.04504504504504503
0 0.963963963963964 0.21471471471471473 0.04604604604604603 0.030030030030030054
0 0.9449449449449449 0.1801801801801802 0.0760760760760762 0.05105105105105103
1 0.8798798798798799 0.14264264264264268 0.07807807807807819 0.042042042042042045
