0 0.25194399464371414 0.08786936236391912 0.1936236035953599 0.17573872472783825
1 0.48522548764526946 0.0645412130637636 0.10031100639473785 0.1290824261275272
0 0.3948289091071668 0.049766718506998445 0.07115081976954343 0.09953343701399689
0 0.6327760319687531 0.05443234836702955 0.17379467669022766 0.1088646967340591
1 0.7995722994648651 0.0489891135303266 0.1504665985819341 0.0979782270606532
0 0.9519828926905133 0.46378582113452865 0.09603421461897341 0.29304598130482723
0 0.8386469673405911 0.7130637636080871 0.3149300155520996 0.3685847589424573
0 0.5744556765163297 0.6998444790046656 0.2741057542768274 0.301710730948678
0 0.2641912908242613 0.6080870917573873 0.18779160186625193 0.37947122861586313
0 0.3994945567651634 0.5015552099533437 0.20412130637636086 0.23483670295489895
1 0.3697511664074651 0.6772939346811819 0.10497667185069987 0.3032659409020217
0 0.5458786936236392 0.26049766718507 0.17262830482115085 0.16640746500777603
0 0.6281104199066876 0.46889580093312594 0.1504665629860032 0.23483670295489886
0 0.8252332814930017 0.4580093312597201 0.15746500777604994 0.33437013996889575
0 0.7056765163297045 0.16018662519440124 0.27527216174183505 0.2301710730948678
0 0.7260886469673405 0.411353032659409 0.15046656298600325 0.2317262830482114
